JOBMACHINE
30 15

NPDW
3 3 3 3 3 3 3 3 3 3 3 3 3 3 3 3 3 3 3 3 3 3 3 3 3 3 3 3 3 3

MA
1,5,8	3,6	7,13
1,7	1,10	2,15
5,9	11	4,8
14,15	13,5	11,12
7,9	2,3	6
2,5	3,9	10,12
2,3	7,13	12,14
1,2,8	3,8	2,13
1,2	1,3	2,15
3,7	6	5,9
1,5	11,15	10,14
1,4	3,9	8
3,4	9,10	11,12
2,5	5,9	6,14
1,4,6	2,8	2,10
1,2	1,3	12,15
1,2	2	13,15
2,4	4,9	5,7
1,7	4,7	2,10
2,5	5,13	10,11
6,8	3,8	5,8
2,5	10,13	10,11
1,7	5,13	10
2,4	7,9	1,3
2,5	5,10	2,3
4,7	1,8	7,9
5,8	1,8	1,10
6,9	3,9	10
2,4	3,10	7,10
2,9	1,5	4,7

T
2,3,4	3,1	4,5
1,2	1,1	2,3
2,1	1	2,3
1,2	2,1	5,2
2,2	2,1	1
2,1	1,3	1,2
3,2	2,4	1,3
2,3,4	3,1	4,5
1,2	1,1	2,3
2,1	1	2,3
1,2	2,1	5,2
2,2	2,1	1
2,1	1,3	1,2
3,2	2,4	1,3
2,3,4	3,1	4,5
1,2	1,1	2,3
2,1	1	2,3
1,2	2,1	5,2
2,2	2,1	1,6
2,1	1,3	1,2
3,2	2,4	1,3
2,1	1,3	1,2
3,2	2,4	1
2,3	3,1	4,5
1,2	1,1	2,3
2,1	1,3	2,3
1,2	2,1	5,2
2,2	2,1	1
2,1	1,3	1,2
3,2	2,4	1,3	

ORDER
0 0 1 2 3 3 4 5 6 6 7 7 8 9 10 11 12 13 13 14 15 16 16 17 18 19 19 25 25 26 26 27 28 28 29 29

ORDERTIME
20 30 20 21 21 22 22 23 23 24 24 25 25 26 26 27 27 28 31 32 33 34 35 36 37 38 28 30 31 32 33 34 35 36 37 38

SECONDLAYER
16,19,20 0,3,21 3,11,22 4,13,23 10,13,24 11,15,25 6,9,26 8,10,27 12,19,28 11,17,29

END


