JOBMACHINE
30 15

NPDW
3 3 4 5 4 3 4 5 2 3 5 2 2 2 2 4 3 4 4 2 4 3 5 3 5 2 2 5 3 5

MA
1,5,8	3,6	7,13
1,7	1,10	2,15
5,9	11	4,8	10,12
14,15	13,5	11,12	4,8	3,9
7,9	2,3	6	5,12
2,5	3,9	10,12
2,3	7,13	12,14	10,11
1,2,8	3,8	2,13	3,6	2,5
1,2	1,3
3,7	6	5,9
1,5	11,15	10,14	2,15	8
1,4	3,9
3,4	9,10
2,5	5,9
1,4,6	2,8
1,2	1,3	12,15	11,12
1,2	2	13,15
2,4	4,9	5,7	6,14
1,7	4,7	2,10	2,10
2,5	5,13
6,8	3,8	5,8	10,11
2,5	10,13	10,11
1,7	5,13	10	1	12
2,4	7,9	1,3
2,5	5,10	2,3	2,6	3,9
4,7	1,8
5,8	1,8
6,9	3,9	10	7,9	1,10
2,4	3,10	7,10
2,9	1,5	4,7	12,15	11,13

T
2,3,4	3,1	4,5
1,2	1,1	2,3
2,1	1	2,3	1,4
1,2	2,1	5,2	3,2	1,5
2,2	2,1	1	3,3
2,1	1,3	1,2
3,2	2,4	1,3	5,3
2,3,4	3,1	4,5	3,3	2,6
1,2	1,1
2,1	1	2,3
1,2	2,1	5,2	2,3	3
2,2	2,1
2,1	1,3
3,2	2,4
2,3,4	3,1
1,2	1,1	2,3	3,2
2,1	1	2,3
1,2	2,1	5,2	3,5
2,2	2,1	1,6	1,2
2,1	1,3
3,2	2,4	1,3	3,2
2,1	1,3	1,2
3,2	2,4	1	3	1
2,3	3,1	4,5
1,2	1,1	2,3	2,6	3,2
2,1	1,3
1,2	2,1
2,2	2,1	1	1,3	3,2
2,1	1,3	1,2
3,2	2,4	1,3	2,5	3,1

ORDER
0 0 1 2 3 4 7 7 9 11 13 13 14 15 17 18 19 19 20 21 22 22 23 23 23 24 24 25 25 26 26 27 28 28 29 29

ORDERTIME
20 21 20 21 22 22 23 23 24 25 24 25 26 26 27 28 27 28 30 30 31 32 31 32 33 33 34 34 35 35 36 37 36 38 37 38 

SECONDLAYER
16,19,20 0,3,21 3,11,22 4,13,23 10,13,24 11,15,25 6,9,26 8,10,27 12,19,28 11,17,29

END


